# lvlwidth 21
# lvlheight 25
# bgcolor 0 0 0
# edgelightcolor 251 233 130
# edgeshadowcolor 124 70 16
# fillcolor 225 151 51
# pelletcolor 255 255 255
# fruittype 3

# startleveldata
0 0 0 0 0 0 0 0 0 113 21 113 0 0 0 0 0 0 0 0 0 
111 100 100 100 100 100 100 108 0 101 0 101 0 107 100 100 100 100 100 100 112 
20 0 ? ? ? ? ? 101 0 101 0 101 0 101 ? ? ? ? ? 0 20
111 108 ? 107 100 108 ? 101 0 101 0 101 0 101 ? 107 100 108 ? 107 112 
0 101 ? 101 0 101 ? 105 100 106 0 105 100 106 ? 101 0 101 ? 101 0 
0 101 ? 101 0 101 ? ? ? ? ? ? ? ? ? 101 0 101 ? 101 0 
0 101 ? 101 0 131 133 133 133 133 133 133 133 133 133 132 0 101 ? 101 0 
0 101 ? 131 133 140 140 130 130 130 130 130 130 130 140 140 133 132 ? 101 0 
0 101 ? 105 130 130 106 ? ? ? ? ? ? ? 105 130 130 106 ? 101 0
0 101 0 ? ? 0 0 ? 107 112 ? 111 108 ? 0 0 ? ? 0 101 0
0 105 100 108 ? 107 108 ? 101 ? ? ? 101 ? 107 108 ? 107 100 106 0
0 0 0 101 ? 105 106 ? 105 100 100 100 106 ? 105 106 ? 101 0 0 0 
0 0 0 101 ? ? ? ? ? ? ? ? ? ? ? ? ? 101 0 0 0 
0 0 0 101 ? 113 ? 107 100 100 100 100 100 108 ? 113 ? 101 0 0 0 
0 0 0 101 0 101 ? 110 0 0 4 0 0 110 ? 101 0 101 0 0 0 
0 107 100 106 0 101 ? ? ? 111 133 112 ? ? ? 101 0 105 100 108 0 
0 101 ? ? ? 110 ? 113 ? ? 101 ? ? 113 ? 110 ? ? ? 101 0 
0 101 ? 113 0 0 ? 131 108 ? 101 ? 107 132 ? 0 0 113 ? 101 0 
111 106 ? 105 100 108 ? 105 106 ? 110 ? 105 106 ? 107 100 106 ? 105 112 
20 0 ? ? ? 101 ? ? ? ? 0 ? ? ? ? 101 ? ? ? 0 20
111 100 100 108 ? 110 ? 111 100 100 133 100 100 112 ? 110 ? 107 100 100 112 
0 0 0 101 0 ? ? ? ? ? 110 ? ? ? ? ? 0 101 0 0 0 
0 0 0 105 100 100 100 100 108 ? ? ? 107 100 100 100 100 106 0 0 0 
0 0 0 0 0 0 0 0 105 108 0 107 106 0 0 0 0 0 0 0 0 
0 0 0 0 0 0 0 0 0 110 21 110 0 0 0 0 0 0 0 0 0 
# endleveldata

# sprites
